[[ 0.          3.93371112]
 [ 2.40526729  1.95559494]
 [ 2.40526729  2.61997172]
 [ 3.60790093  1.96310202]
 [ 4.20921776  1.96685556]
 [ 3.00658411  3.95247882]
 [ 4.81053458  2.63498588]
 [ 5.4118514   2.63873942]
 [ 8.41843551  0.        ]
 [ 2.93141951  2.70630316]
 [ 3.53273633  2.7100567 ]
 [ 4.73536998  2.053187  ]
 [ 5.93800362  1.3963173 ]
 [ 2.33010269  6.02443353]
 [ 6.53932044  2.06444763]
 [ 7.14063727  2.06820117]
 [ 9.54590456  0.09008499]
 [ 2.85625491  4.78201142]
 [ 4.05888855  4.12514172]
 [ 7.06547266  1.48640229]
 [ 5.2615222   4.1326488 ]
 [ 5.86283902  4.13640234]
 [ 6.46415584  4.14015588]
 [10.6733736   0.18016997]
 [ 2.17977348  7.51834291]
 [ 7.59162488  2.23711052]
 [ 6.38899124  4.22273379]
 [ 5.18635759  6.20835705]
 [ 6.38899124  5.55148735]
 [11.19952582  0.9308782 ]
 [ 8.1177771   2.98781875]
 [ 7.51646028  4.31281877]
 [ 6.31382664  6.29844204]
 [ 6.31382664  6.96281882]
 [11.12436121  2.34220967]
 [ 8.64392932  4.40290376]
 [ 9.84656297  3.74603406]
 [ 9.84656297  4.41041084]
 [ 7.44129568  7.71728059]
 [ 9.17008154  5.81798877]
 [ 9.77139836  5.82174231]
 [12.17666565  3.84362613]
 [ 6.68964965 10.53618999]
 [13.3041347   3.93371112]
 [13.22897009  5.34504259]]
